560001
560002
560003
560004
560005
560006
560007
560008
560009
560010
560011
560012
560013
560015
560016
560017
560018
560020
560021
560022
560023
560024
560025
560026
560027
560029
560030
560032
560033
560034
560035
560036
560037
560038
560040
560041
560042
560043
560045
560046
560047
560048
560049
560050
560051
560053
560054
560055
560056
560057
560058
560059
560060
560061
560062
560063
560064
560065
560066
560067
560068
560070
560071
560072
560073
560074
560075
560076
560077
560078
560079
560080
560081
560082
560083
560084
560085
560086
560087
560088
560089
560090
560091
560092
560093
560094
560095
560096
560097
560098
560099
560100
560102
560103
560104
560105
560107
560108
560109
560110
560111
560112
560113
560114
560115
560116
560117
560300
560500
561101
561201
561202
561203
561204
561205
561206
561207
561208
561209
561210
561211
561212
561213
561228
562101
562102
562103
562104
562105
562106
562107
562108
562109
562110
562111
562112
562114
562117
562119
562120
562121
562122
562123
562125
562126
562127
562128
562129
562130
562131
562132
562135
562138
562149
562157
562159
562160
562161
562162
562163
562164
562165
563101
563103
563113
563114
563115
563116
563117
563118
563119
563120
563121
563122
563123
563124
563125
563126
563127
563128
563129
563130
563131
563132
563133
563134
563135
563136
563137
563138
563139
563146
563147
563157
563159
563160
563161
563162
563163
570001
570002
570003
570004
570005
570006
570007
570008
570009
570010
570011
570012
570014
570015
570016
570017
570018
570019
570020
570022
570023
570025
570026
570027
570028
570029
570030
570031
570032
570033
570034
571101
571102
571103
571104
571105
571106
571107
571108
571109
571110
571111
571114
571115
571116
571117
571118
571119
571120
571121
571122
571123
571124
571125
571126
571127
571128
571129
571130
571134
571187
571189
571201
571211
571212
571213
571214
571215
571216
571217
571218
571219
571231
571232
571234
571235
571236
571237
571247
571248
571249
571250
571251
571252
571253
571254
571301
571302
571311
571312
571313
571314
571315
571316
571320
571342
571401
571402
571403
571404
571405
571415
571416
571417
571418
571419
571421
571422
571423
571424
571425
571426
571427
571428
571429
571430
571431
571432
571433
571434
571435
571436
571438
571439
571440
571441
571442
571443
571444
571445
571446
571448
571450
571455
571457
571463
571475
571476
571477
571478
571490
571601
571602
571603
571604
571605
571606
571607
571610
571617
571802
571807
571811
571812
572101
572102
572103
572104
572105
572106
572107
572111
572112
572113
572114
572115
572116
572117
572118
572119
572120
572121
572122
572123
572124
572125
572126
572127
572128
572129
572130
572132
572133
572134
572135
572136
572137
572138
572139
572140
572141
572142
572168
572175
572201
572211
572212
572213
572214
572215
572216
572217
572218
572219
572220
572221
572222
572223
572224
572225
572226
572227
572228
573101
573102
573103
573111
573112
573113
573115
573116
573117
573118
573119
573120
573121
573122
573123
573124
573125
573126
573127
573128
573129
573130
573131
573133
573134
573135
573136
573137
573141
573142
573144
573162
573164
573165
573201
573202
573210
573211
573212
573213
573214
573215
573216
573217
573218
573219
573220
573225
573226
574101
574102
574103
574104
574105
574106
574107
574108
574109
574110
574111
574112
574113
574114
574115
574116
574117
574118
574119
574122
574129
574141
574142
574143
574144
574145
574146
574148
574150
574151
574153
574154
574197
574198
574199
574201
574202
574203
574210
574211
574212
574213
574214
574216
574217
574218
574219
574220
574221
574222
574223
574224
574225
574226
574227
574228
574229
574230
574231
574232
574233
574234
574235
574236
574237
574238
574239
574240
574241
574242
574243
574244
574248
574253
574259
574260
574265
574267
574274
574279
574285
574313
574314
574323
574324
574325
574326
574327
574328
574509
575001
575002
575003
575004
575005
575006
575007
575008
575009
575010
575011
575013
575014
575015
575016
575017
575018
575019
575020
575022
575023
575025
575028
575029
575030
576101
576102
576103
576104
576105
576106
576107
576108
576111
576112
576113
576114
576115
576117
576120
576121
576122
576124
576201
576210
576211
576212
576213
576214
576215
576216
576217
576218
576219
576220
576221
576222
576223
576224
576225
576226
576227
576228
576229
576230
576231
576232
576233
576234
576235
576247
576257
576282
576283
577001
577002
577003
577004
577005
577006
577007
577101
577102
577111
577112
577113
577114
577115
577116
577117
577120
577121
577122
577123
577124
577125
577126
577127
577128
577129
577130
577131
577132
577133
577134
577135
577136
577137
577138
577139
577140
577144
577145
577146
577160
577168
577175
577179
577180
577181
577182
577201
577202
577203
577204
577205
577211
577213
577214
577215
577216
577217
577218
577219
577220
577221
577222
577223
577224
577225
577226
577227
577228
577229
577230
577231
577232
577233
577243
577245
577301
577302
577401
577411
577412
577413
577414
577415
577416
577417
577418
577419
577421
577422
577423
577424
577425
577426
577427
577428
577429
577430
577431
577432
577433
577434
577435
577436
577451
577452
577453
577501
577502
577511
577512
577513
577514
577515
577516
577517
577518
577519
577520
577521
577522
577523
577524
577525
577526
577527
577528
577529
577530
577531
577532
577533
577534
577535
577536
577537
577538
577539
577540
577541
577542
577543
577544
577545
577546
577547
577548
577549
577550
577551
577552
577553
577554
577555
577556
577557
577558
577566
577589
577596
577597
577598
577599
577601
580001
580002
580003
580004
580005
580006
580007
580008
580009
580011
580020
580021
580023
580024
580025
580026
580027
580028
580029
580030
580031
580032
580112
580114
580118
581101
581102
581103
581104
581105
581106
581107
581108
581109
581110
581111
581112
581113
581115
581116
581117
581118
581119
581120
581121
581123
581126
581128
581129
581145
581148
581186
581187
581193
581195
581196
581198
581199
581201
581202
581203
581204
581205
581206
581207
581208
581209
581210
581211
581212
581213
581237
581301
581302
581303
581304
581306
581307
581308
581314
581315
581316
581317
581318
581319
581320
581321
581322
581323
581324
581325
581326
581327
581328
581329
581330
581331
581332
581333
581334
581335
581336
581337
581338
581339
581340
581341
581342
581343
581344
581345
581346
581347
581348
581349
581350
581351
581352
581353
581354
581355
581356
581357
581358
581359
581360
581361
581362
581363
581365
581384
581396
581400
581401
581402
581403
581411
581412
581421
581423
581440
581450
581453
582101
582102
582103
582111
582112
582113
582114
582115
582116
582117
582118
582119
582120
582201
582202
582203
582204
582205
582206
582207
582208
582209
582210
582211
583101
583102
583103
583104
583105
583111
583112
583113
583114
583115
583116
583117
583118
583119
583120
583121
583122
583123
583124
583125
583126
583127
583128
583129
583130
583131
583132
583134
583135
583136
583137
583152
583153
583154
583155
583201
583203
583211
583212
583213
583214
583215
583216
583217
583218
583219
583220
583221
583222
583223
583224
583225
583226
583227
583228
583229
583230
583231
583232
583233
583234
583235
583236
583237
583238
583239
583268
583275
583276
583277
583278
583279
583280
583281
583282
583283
583284
583285
583287
584101
584102
584103
584104
584111
584113
584115
584116
584118
584120
584122
584123
584124
584125
584126
584127
584128
584129
584132
584133
584134
584135
584136
584138
584139
584140
584143
584167
584170
584202
584203
585101
585102
585103
585104
585105
585106
585107
585201
585202
585210
585211
585212
585213
585214
585215
585216
585217
585218
585219
585220
585221
585222
585223
585224
585225
585226
585227
585228
585229
585236
585237
585265
585287
585290
585291
585292
585301
585302
585303
585304
585305
585306
585307
585308
585309
585310
585311
585312
585313
585314
585315
585316
585317
585318
585319
585320
585321
585322
585323
585324
585325
585326
585327
585328
585329
585330
585331
585353
585355
585367
585401
585402
585403
585404
585411
585412
585413
585414
585415
585416
585417
585418
585419
585421
585436
585437
585443
585444
585445
585447
586101
586103
586104
586108
586109
586111
586112
586113
586114
586115
586116
586117
586118
586119
586120
586121
586122
586123
586124
586125
586127
586128
586129
586130
586201
586202
586203
586204
586205
586206
586207
586208
586209
586210
586211
586212
586213
586214
586215
586216
586217
587101
587102
587103
587104
587111
587112
587113
587114
587115
587116
587117
587118
587119
587120
587121
587122
587124
587125
587154
587155
587156
587201
587202
587203
587204
587205
587206
587207
587301
587311
587312
587313
587314
587315
587316
587330
587331
590001
590003
590005
590006
590008
590009
590010
590011
590014
590015
590016
590017
590018
590019
590020
591101
591102
591103
591104
591106
591107
591108
591109
591110
591111
591112
591113
591114
591115
591117
591118
591119
591120
591121
591122
591123
591124
591125
591126
591127
591128
591129
591130
591131
591136
591143
591147
591153
591156
591173
591201
591211
591212
591213
591214
591215
591216
591217
591218
591219
591220
591221
591222
591223
591224
591225
591226
591227
591228
591229
591230
591231
591232
591233
591234
591235
591236
591237
591238
591239
591240
591241
591242
591243
591244
591246
591247
591248
591254
591263
591265
591287
591301
591302
591303
591304
591305
591306
591307
591308
591309
591310
591311
591312
591313
591314
591315
591316
591317
591340
591344
591345
591346
